7242931000
50000
50107
50263
50273
50286
50289
50293
50341
50359
50367
50371
50374
50379
50391
50395
50416
50419
50449
50462
50464
50469
50478
50489
50539
50542
50547
50553
50593
50597
50641
50647
50651
50674
50692
50698
50715
50718
50723
50745
50754
50768
50781
50813
50817
50819
50829
50843
50845
50847
50849
50856
50859
50869
50872
50891
50923
50951
50956
50964
50967
50981
50985
51000
51723
51729
51732
51735
51738
51741
51746
51748
51759
51761
51768
51781
51786
51792
51796
51800
57003
57016
57048
57051
57073
57081
57084
57092
57098
57102
57118
57124
57134
57142
57145
57158
57173
57178
57182
57203
57213
57221
57228
57233
57237
57251
57256
57274
57279
57302
57325
57334
57375
57379
57406
57434
57445
57467
57506
57508
57511
57521
57526
57541
57551
57558
57571
57578
57580
57586
57603
57611
57627
57639
57648
57664
57668
57679
57681
57687
57721
57723
57728
57731
57742
57746
57751
57753
57764
57768
57802
57806
57809
57881
57893
57896
57901
57903
57958
57978
57981
57998
58000
59011
59016
59023
59026
59031
59034
59061
59071
59078
59082
59085
59118
59121
59124
59134
59142
59146
59149
59161
59171
59181
59194
59206
59239
59248
59251
59253
59294
59305
59313
59354
59367
59401
59423
59435
59446
59489
59497
59501
59512
59523
59526
59544
59551
59557
59561
59566
59571
59583
59586
59592
59597
59601
59607
59613
59615
59617
59634
59665
59667
59671
59698
59702
59780
59796
59812
59828
59851
59879
59891
59909
59926
59941
59948
59952
59962
59972
59976
59981
59984
59989